	=============================
	Resultados Puzzle impossível:
	=============================

# solutions: 4
started at: 2011-03-15 21:58:47.800000
ended at: 2011-03-15 22:06:03.359000


========== PRINTING SOLUTION ============
[(7, 3), (3, 1), (1, 2), (2, 5), (5, 6), (6, 7)]
[(4, 6), (6, 5), (5, 3), (3, 4), (4, 1), (1, 4)]

[(4, 6), (6, 5), (5, 3), (3, 4), (4, 1), (1, 4)]
[(5, 2), (2, 1), (1, 2), (2, 6), (6, 3), (3, 2)]

[(5, 2), (2, 1), (1, 2), (2, 6), (6, 3), (3, 2)]
[(4, 3), (3, 6), (6, 4), (4, 1), (1, 5), (5, 7)]

[(4, 3), (3, 6), (6, 4), (4, 1), (1, 5), (5, 7)]
[(6, 2), (2, 5), (5, 3), (3, 2), (2, 4), (4, 2)]

[(6, 2), (2, 5), (5, 3), (3, 2), (2, 4), (4, 2)]
[(1, 4), (4, 1), (1, 6), (6, 5), (5, 3), (3, 1)]

[(1, 4), (4, 1), (1, 6), (6, 5), (5, 3), (3, 1)]
[(7, 3), (3, 5), (5, 2), (2, 4), (4, 6), (6, 7)]

:::::::::::::::: ID's :::::::::::::::::
[1, 29, 9, 12, 16, 2]
[21, 33, 15, 28, 13, 4]
[32, 23, 3, 8, 19, 5]
[11, 31, 17, 24, 20, 22]
[14, 7, 10, 0, 35, 25]
[27, 30, 6, 18, 34, 26]
========== SOLUTION PRINTED ============

========== PRINTING SOLUTION ============
[(7, 4), (4, 2), (2, 7), (7, 2), (2, 1), (1, 7)]
[(6, 1), (1, 3), (3, 5), (5, 4), (4, 3), (3, 6)]

[(6, 1), (1, 3), (3, 5), (5, 4), (4, 3), (3, 6)]
[(5, 4), (4, 6), (6, 1), (1, 2), (2, 5), (5, 4)]

[(5, 4), (4, 6), (6, 1), (1, 2), (2, 5), (5, 4)]
[(2, 3), (3, 2), (2, 4), (4, 3), (3, 6), (6, 2)]

[(2, 3), (3, 2), (2, 4), (4, 3), (3, 6), (6, 2)]
[(1, 5), (5, 1), (1, 6), (6, 5), (5, 1), (1, 5)]

[(1, 5), (5, 1), (1, 6), (6, 5), (5, 1), (1, 5)]
[(3, 6), (6, 2), (2, 3), (3, 2), (2, 4), (4, 3)]

[(3, 6), (6, 2), (2, 3), (3, 2), (2, 4), (4, 3)]
[(7, 4), (4, 5), (5, 4), (4, 6), (6, 1), (1, 7)]

:::::::::::::::: ID's :::::::::::::::::
[2, 4, 5, 22, 25, 26]
[16, 13, 19, 20, 35, 34]
[12, 28, 8, 24, 0, 18]
[9, 15, 3, 17, 10, 6]
[29, 33, 23, 31, 7, 30]
[1, 21, 32, 11, 14, 27]
========== SOLUTION PRINTED ============

========== PRINTING SOLUTION ============
[(7, 6), (6, 4), (4, 2), (2, 5), (5, 3), (3, 7)]
[(1, 3), (3, 5), (5, 6), (6, 1), (1, 4), (4, 1)]

[(1, 3), (3, 5), (5, 6), (6, 1), (1, 4), (4, 1)]
[(2, 4), (4, 2), (2, 3), (3, 5), (5, 2), (2, 6)]

[(2, 4), (4, 2), (2, 3), (3, 5), (5, 2), (2, 6)]
[(7, 5), (5, 1), (1, 4), (4, 6), (6, 3), (3, 4)]

[(7, 5), (5, 1), (1, 4), (4, 6), (6, 3), (3, 4)]
[(2, 3), (3, 6), (6, 2), (2, 1), (1, 2), (2, 5)]

[(2, 3), (3, 6), (6, 2), (2, 1), (1, 2), (2, 5)]
[(4, 1), (1, 4), (4, 3), (3, 5), (5, 6), (6, 4)]

[(4, 1), (1, 4), (4, 3), (3, 5), (5, 6), (6, 4)]
[(7, 6), (6, 5), (5, 2), (2, 1), (1, 3), (3, 7)]

:::::::::::::::: ID's :::::::::::::::::
[26, 34, 18, 6, 30, 27]
[25, 35, 0, 10, 7, 14]
[22, 20, 24, 17, 31, 11]
[5, 19, 8, 3, 23, 32]
[4, 13, 28, 15, 33, 21]
[2, 16, 12, 9, 29, 1]
========== SOLUTION PRINTED ============

========== PRINTING SOLUTION ============
[(7, 1), (1, 6), (6, 4), (4, 5), (5, 4), (4, 7)]
[(3, 4), (4, 2), (2, 3), (3, 2), (2, 6), (6, 3)]

[(3, 4), (4, 2), (2, 3), (3, 2), (2, 6), (6, 3)]
[(5, 1), (1, 5), (5, 6), (6, 1), (1, 5), (5, 1)]

[(5, 1), (1, 5), (5, 6), (6, 1), (1, 5), (5, 1)]
[(2, 6), (6, 3), (3, 4), (4, 2), (2, 3), (3, 2)]

[(2, 6), (6, 3), (3, 4), (4, 2), (2, 3), (3, 2)]
[(4, 5), (5, 2), (2, 1), (1, 6), (6, 4), (4, 5)]

[(4, 5), (5, 2), (2, 1), (1, 6), (6, 4), (4, 5)]
[(6, 3), (3, 4), (4, 5), (5, 3), (3, 1), (1, 6)]

[(6, 3), (3, 4), (4, 5), (5, 3), (3, 1), (1, 6)]
[(7, 1), (1, 2), (2, 7), (7, 2), (2, 4), (4, 7)]

:::::::::::::::: ID's :::::::::::::::::
[27, 14, 11, 32, 21, 1]
[30, 7, 31, 23, 33, 29]
[6, 10, 17, 3, 15, 9]
[18, 0, 24, 8, 28, 12]
[34, 35, 20, 19, 13, 16]
[26, 25, 22, 5, 4, 2]
========== SOLUTION PRINTED ============